[disk]
mstar = 0.28
incl = 85.
pa = 270
rc = 81
size = 2000
dist = 140
xcen = 262
ycen = 247

[cube]
bmaj = 1.651514404350E-04
bmin = 1.320303728183E-04
bpa = 7.119091033936E+00
naxis = 4
naxis1 = 512
naxis2 = 512
naxis3 = 100
naxis4 = 1
crpix1 = 2.570000000000E+02
cdelt1 = -1.388888888889E-05
crval1 = 6.997458333333E+01
crpix2 = 2.570000000000E+02
cdelt2 = 1.388888888889E-05
crval2 = 2.605277777778E+01
crpix3 = 1
cdelt3 = 0.159999957279
crval3 = 0
crpix4 = 1.00000000000E+00
cdelt4 = 1.00000000000E+00
crval4 = 1.00000000000E+00
lwidth = 0.159999957279
lstep = 0.159999957279
lstart = 0

[line]
frequency = 219560.36
intensity = gaussian, 8.1, 1.5
width = 0.1
vlsr = 5.9

[output]
name = Optimization_Results/Round_6/Data/../Model_85/Optimization_85

